1301
1418
1438
1808
1885
1897
1945
1948
1972
1979
1980
1997
2108
211A
2120
2127
2156
2206
2212
2221
2229
2296
2307
2315
2330
2379
2384
2436
2440
2475
2480
2488
2493
2498
262A
2664
2669
2673
2726
2736
2790
2796
2798
2931
2932
2984
2993
2999
3024
3034
3059
3103
3148
3157
3174
3409
3417
3431
3475
3482
3513
3538
3577
3580
3627
3633
3660
3683
3686
3694
3696
3769
3816
3823
3839
3840
3841
3842
3844
3903
3908
3920
3947
3954
3958
3969
3981
3996
4061
4064
4091
4112
4118
4188
4208
4240
4242
4392
4410
4434
4452
4471
4503
4512
4539
4549
4565
4569
4623
4626
463A
4667
4681
4689
4752
4755
4765
4768
4777
4826
4886
4902
5011
5020
5021
5121
5187
5194
5283
5351
5482
5703
5724
5741
5803
5830
5871
5911
5966
6016
6037
6061
6090
6113
6138
6144
6150
6151
6167
6189
6233
6269
6276
6306
6361
6392
6463
6465
6543
6564
6566
6572
6656
6659
6662
6701
6730
6736
6763
6769
6775
6776
6777
6779
6806
6819
6823
6849
6863
6869
6877
6890
6912
6929
6932
6955
7034
7058
7065
7087
7129
7150
7167
7189
7192
7198
7199
7208
7211
7222
7224
7244
7246
7261
7267
7354
7366
7384
7413
7416
7435
7447
7477
7480
7500
7509
7527
7565
7595
7599
7607
7609
7614
7615
7616
7628
7637
7643
7670
7679
7713
7721
7744
7795
7810
7815
7821
7857
7893
7949
8015
8020
8022
8104
8115
8129
8136
8151
8152
8157
8242
8253
8276
8306
8346
8362
8364
8377
8522
8558
8591
8596
8613
8616
8707
8715
8742
8771
8848
8908
8927
8929
9001
9021
9036
9046
9273
9302
9308
9347
9351
9367
9380
9404
9432
9438
9445
9466
9514
9519
9539
9602
9603
9622
9686
9691
9716
9720
9733
9755
9790
9830
9845
9856
9902
9982
